 0.64719927	57.46009441	 0.        
 0.61684305	57.68368351	 0.        
 0.5864972 	57.93041407	 0.        
 0.5561634	58.2040641	 0.       
 0.52584376	58.50927858	 0.        
 0.49554087	58.85183223	 0.        
 0.46525799	59.23899375	 0.        
 0.43499932	59.68003994	 0.        
 0.40477028	60.18699642	 0.        
 0.37457804	60.77573017	 0.        
 0.34443227	61.46760355	 0.        
 0.31434636	62.29205468	 0.        
 0.2843393 	63.29076346	 0.        
 0.254439  	64.52464994	 0.        
 0.22468806	66.086187  	 0.        
 0.19515483	68.12226452	 0.        
 0.16595557	70.8794038 	 0.        
 0.1373035 	74.79977982	 0.        
 0.10962851	80.74045128	 0.        
